#-----------------------------------------------------------------------------------------------------------------------------------------------------------------------------------------------------------------------------------------------------------
  ang     U      L  topo tind1 tind2   trans_time  trans_drrad  trans_xrrad  trans_eqrad  trans_depth  trans_volum  trans_ellip fsind      fs_time feind      fe_time  final_drrad  final_xrrad  final_eqrad  final_depth  final_volum  final_ellip  rimrad
#-----------------------------------------------------------------------------------------------------------------------------------------------------------------------------------------------------------------------------------------------------------
   30    10  14.00     2    11    12   5.7510e+01   3.0079e+01   2.8036e+01   2.8842e+01   1.1652e+01   1.8235e+04   1.0729e+00    64   3.2001e+02    79   3.9500e+02   4.7449e+01   4.2272e+01   4.3921e+01   3.6508e+00   9.4100e+03   1.1225e+00  51.902 
   45    10  14.00     2    11    12   5.7507e+01   3.0689e+01   3.0943e+01   3.0799e+01   1.4362e+01   2.7320e+04   9.9181e-01    64   3.2001e+02    79   3.9501e+02   4.9982e+01   4.7037e+01   4.7847e+01   4.1471e+00   1.3279e+04   1.0626e+00  57.231 
   60    10  14.00     2    11    12   5.7507e+01   3.0788e+01   3.1281e+01   3.0847e+01   1.6049e+01   3.1483e+04   9.8423e-01    64   3.2001e+02    79   3.9501e+02   4.9714e+01   4.8715e+01   4.9046e+01   3.8806e+00   1.3539e+04   1.0205e+00  58.572 
   90    10  14.00     2    11    12   5.7512e+01   3.0261e+01   3.0259e+01   3.0008e+01   1.7655e+01   3.3028e+04   1.0000e+00    64   3.2000e+02    79   3.9501e+02   4.9701e+01   4.9508e+01   4.9440e+01   2.5281e+00   1.2695e+04   1.0039e+00  59.579 
#-----------------------------------------------------------------------------------------------------------------------------------------------------------------------------------------------------------------------------------------------------------
   30    15  14.00     2    13    12   6.2512e+01   3.4476e+01   3.3190e+01   3.3708e+01   1.5171e+01   3.3182e+04   1.0388e+00    71   3.5501e+02    88   4.4001e+02   5.4929e+01   5.0408e+01   5.1868e+01   4.2877e+00   1.6110e+04   1.0897e+00  61.223 
   40    15  14.00     2    13    12   6.2507e+01   3.5179e+01   3.5943e+01   3.5556e+01   1.7599e+01   4.3649e+04   9.7875e-01    71   3.5501e+02    88   4.4001e+02   5.9022e+01   5.5516e+01   5.6545e+01   4.5815e+00   2.0772e+04   1.0632e+00  67.172 
   45    15  14.00     2    13    12   6.2507e+01   3.5547e+01   3.6755e+01   3.6100e+01   1.8283e+01   4.7646e+04   9.6714e-01    71   3.5501e+02    88   4.4001e+02   5.9986e+01   5.7237e+01   5.7978e+01   4.5482e+00   2.2182e+04   1.0481e+00  68.935 
   50    15  14.00     2    13    12   6.2508e+01   3.5890e+01   3.7151e+01   3.6442e+01   1.8772e+01   5.0917e+04   9.6604e-01    71   3.5501e+02    88   4.4001e+02   6.0431e+01   5.8621e+01   5.9095e+01   4.5425e+00   2.3084e+04   1.0309e+00  70.408 
   60    15  14.00     2    13    12   6.2511e+01   3.6214e+01   3.7288e+01   3.6577e+01   1.9656e+01   5.5434e+04   9.7119e-01    71   3.5501e+02    88   4.4000e+02   6.1095e+01   6.0239e+01   6.0384e+01   4.4085e+00   2.3701e+04   1.0142e+00  71.296 
   75    15  14.00     2    13    12   6.2505e+01   3.6218e+01   3.6676e+01   3.6125e+01   2.1365e+01   5.8774e+04   9.8752e-01    71   3.5501e+02    88   4.4000e+02   6.1526e+01   6.1410e+01   6.1128e+01   3.6774e+00   2.3048e+04   1.0019e+00  72.079 
   90    15  14.00     2    13    12   6.2508e+01   3.6171e+01   3.6172e+01   3.5987e+01   2.1827e+01   6.0062e+04   9.9998e-01    71   3.5501e+02    88   4.4001e+02   6.1304e+01   6.1355e+01   6.1089e+01   3.6237e+00   2.2499e+04   9.9918e-01  71.762 
#-----------------------------------------------------------------------------------------------------------------------------------------------------------------------------------------------------------------------------------------------------------
   30    20  14.00     2    13    13   6.5011e+01   3.7614e+01   3.7567e+01   3.7568e+01   1.7658e+01   4.8019e+04   1.0013e+00    93   4.6501e+02   114   5.7001e+02   6.1092e+01   5.7816e+01   5.8636e+01   4.3655e+00   2.2809e+04   1.0567e+00  70.451 
   40    20  14.00     2    13    13   6.5005e+01   3.9138e+01   4.0772e+01   3.9926e+01   1.9950e+01   6.3380e+04   9.5992e-01    93   4.6501e+02   112   5.6000e+02   6.4831e+01   6.4119e+01   6.3980e+01   4.7235e+00   2.9740e+04   1.0111e+00  77.186 
   45    20  14.00     2    13    13   6.5015e+01   3.9602e+01   4.1537e+01   4.0627e+01   2.0491e+01   6.9393e+04   9.5341e-01    93   4.6501e+02   114   5.7001e+02   6.6114e+01   6.6145e+01   6.5761e+01   4.6842e+00   3.2075e+04   9.9951e-01  80.333 
   50    20  14.00     2    13    13   6.5012e+01   4.0131e+01   4.2052e+01   4.1129e+01   2.0991e+01   7.4053e+04   9.5434e-01    93   4.6501e+02   114   5.7001e+02   6.7104e+01   6.7459e+01   6.7061e+01   4.7217e+00   3.3752e+04   9.9474e-01  81.201 
   60    20  14.00     2    13    13   6.5012e+01   4.0763e+01   4.2502e+01   4.1417e+01   2.2053e+01   8.1200e+04   9.5909e-01    93   4.6500e+02   114   5.7001e+02   6.7917e+01   6.9461e+01   6.8851e+01   4.5437e+00   3.5194e+04   9.7779e-01  83.251 
   75    20  14.00     2    13    13   6.5004e+01   4.1209e+01   4.1917e+01   4.1308e+01   2.3705e+01   8.6568e+04   9.8312e-01    93   4.6500e+02   114   5.7001e+02   6.9922e+01   7.1025e+01   7.0584e+01   3.9363e+00   3.4877e+04   9.8447e-01  85.106 
   90    20  14.00     2    13    13   6.5004e+01   4.1375e+01   4.1417e+01   4.1147e+01   2.3637e+01   8.8153e+04   9.9899e-01    93   4.6501e+02   114   5.7001e+02   7.1505e+01   7.1572e+01   7.1296e+01   3.8779e+00   3.4783e+04   9.9908e-01  85.399 
#-----------------------------------------------------------------------------------------------------------------------------------------------------------------------------------------------------------------------------------------------------------
   30    30  14.00     2    14    13   6.7513e+01   4.3677e+01   4.4549e+01   4.4172e+01   2.0498e+01   8.0167e+04   9.8041e-01   133   6.6500e+02   148   7.4000e+02   7.3023e+01   7.0832e+01   7.0582e+01   4.7935e+00   3.8032e+04   1.0309e+00  84.802 
   40    30  14.00     2    14    13   6.7504e+01   4.5885e+01   4.8347e+01   4.7229e+01   2.3139e+01   1.0734e+05   9.4907e-01   133   6.6501e+02   148   7.4001e+02   7.7923e+01   7.8749e+01   7.7124e+01   4.6369e+00   5.0471e+04   9.8951e-01  93.279 
   45    30  14.00     2    14    13   6.7503e+01   4.6590e+01   4.9419e+01   4.8101e+01   2.4307e+01   1.1764e+05   9.4277e-01   133   6.6500e+02   148   7.4001e+02   7.9556e+01   8.1001e+01   7.9255e+01   4.5526e+00   5.4583e+04   9.8216e-01  95.241 
   50    30  14.00     2    14    13   6.7502e+01   4.7209e+01   5.0085e+01   4.8662e+01   2.5426e+01   1.2564e+05   9.4257e-01   133   6.6500e+02   148   7.4001e+02   8.0615e+01   8.2736e+01   8.0757e+01   4.5725e+00   5.7372e+04   9.7436e-01  96.982 
   60    30  14.00     2    14    13   6.7508e+01   4.8177e+01   5.0335e+01   4.9138e+01   2.5762e+01   1.3533e+05   9.5713e-01   133   6.6501e+02   148   7.4000e+02   8.1666e+01   8.4212e+01   8.2060e+01   4.8992e+00   6.0584e+04   9.6978e-01  98.051 
   75    30  14.00     2    14    13   6.7504e+01   4.8856e+01   4.9800e+01   4.9141e+01   2.6908e+01   1.3861e+05   9.8103e-01   133   6.6500e+02   143   7.1501e+02   8.1674e+01   8.1755e+01   8.1559e+01   4.8091e+00   5.9425e+04   9.9901e-01  97.646 
   90    30  14.00     2    14    13   6.7503e+01   4.9197e+01   4.9167e+01   4.9125e+01   2.6535e+01   1.3953e+05   1.0006e+00   133   6.6501e+02   148   7.4000e+02   8.0885e+01   8.0983e+01   8.0754e+01   4.7711e+00   5.7831e+04   9.9880e-01  98.975 
#-----------------------------------------------------------------------------------------------------------------------------------------------------------------------------------------------------------------------------------------------------------
   30    20   8.96     2    20    21   5.1254e+01   2.5241e+01   2.5722e+01   2.5525e+01   1.2192e+01   1.5524e+04   9.8131e-01   117   2.9251e+02   142   3.5500e+02   3.9601e+01   3.8901e+01   3.8931e+01   3.2773e+00   7.9054e+03   1.0180e+00  46.119 
   40    20   8.96     2    20    21   5.1254e+01   2.6422e+01   2.7847e+01   2.7200e+01   1.3882e+01   2.0663e+04   9.4882e-01   117   2.9251e+02   142   3.5501e+02   4.1923e+01   4.2879e+01   4.2270e+01   3.1145e+00   1.0420e+04   9.7771e-01  50.060 
   45    20   8.96     2    20    21   5.1255e+01   2.6914e+01   2.8410e+01   2.7710e+01   1.4215e+01   2.2640e+04   9.4736e-01   117   2.9250e+02   129   3.2251e+02   4.2861e+01   4.4117e+01   4.3420e+01   3.1668e+00   1.1286e+04   9.7154e-01  51.415 
   50    20   8.96     2    20    21   5.1252e+01   2.7264e+01   2.8809e+01   2.8071e+01   1.4346e+01   2.4287e+04   9.4637e-01   117   2.9251e+02   142   3.5500e+02   4.4456e+01   4.5011e+01   4.4587e+01   3.1552e+00   1.1847e+04   9.8767e-01  52.384 
   60    20   8.96     2    20    21   5.1257e+01   2.7953e+01   2.9126e+01   2.8409e+01   1.5059e+01   2.6796e+04   9.5973e-01   117   2.9250e+02   142   3.5500e+02   4.6049e+01   4.6199e+01   4.5869e+01   3.1702e+00   1.2778e+04   9.9675e-01  53.858 
   75    20   8.96     2    20    21   5.1255e+01   2.8284e+01   2.8747e+01   2.8386e+01   1.5758e+01   2.8760e+04   9.8389e-01   117   2.9251e+02   142   3.5501e+02   4.6667e+01   4.6708e+01   4.6567e+01   3.1807e+00   1.3003e+04   9.9912e-01  54.727 
   90    20   8.96     2    20    21   5.1256e+01   2.8480e+01   2.8520e+01   2.8332e+01   1.5784e+01   2.9398e+04   9.9860e-01   117   2.9250e+02   133   3.3250e+02   4.6524e+01   4.6654e+01   4.6542e+01   3.2144e+00   1.2843e+04   9.9724e-01  54.865 
#-----------------------------------------------------------------------------------------------------------------------------------------------------------------------------------------------------------------------------------------------------------
   30    25   8.96     2    20    21   5.1255e+01   2.7331e+01   2.8169e+01   2.7742e+01   1.3285e+01   2.0692e+04   9.7027e-01   123   3.0750e+02   133   3.3251e+02   4.1837e+01   4.3367e+01   4.2285e+01   3.5478e+00   1.0941e+04   9.6473e-01  50.471 
   40    25   8.96     2    20    21   5.1253e+01   2.8657e+01   3.0432e+01   2.9636e+01   1.4710e+01   2.7738e+04   9.4169e-01   123   3.0751e+02   133   3.3250e+02   4.4546e+01   4.7960e+01   4.6219e+01   3.5032e+00   1.4322e+04   9.2883e-01  55.317 
   45    25   8.96     2    20    21   5.1256e+01   2.9146e+01   3.1055e+01   3.0188e+01   1.5374e+01   3.0452e+04   9.3853e-01   123   3.0751e+02   133   3.3251e+02   4.5900e+01   4.9468e+01   4.7710e+01   3.5722e+00   1.5487e+04   9.2788e-01  57.005 
   50    25   8.96     2    20    21   5.1251e+01   2.9607e+01   3.1495e+01   3.0562e+01   1.6052e+01   3.2661e+04   9.4008e-01   123   3.0751e+02   133   3.3250e+02   4.6998e+01   5.0537e+01   4.8900e+01   3.7183e+00   1.6342e+04   9.2997e-01  57.981
   60    25   8.96     2    20    21   5.1253e+01   3.0341e+01   3.1738e+01   3.0943e+01   1.6782e+01   3.5921e+04   9.5600e-01   123   3.0751e+02   133   3.3251e+02   5.0686e+01   5.1674e+01   5.0784e+01   3.8529e+00   1.7640e+04   9.8087e-01  59.685 
   75    25   8.96     2    20    21   5.1253e+01   3.0929e+01   3.1520e+01   3.1100e+01   1.7570e+01   3.8704e+04   9.8125e-01   123   3.0751e+02   130   3.2501e+02   5.1635e+01   5.2327e+01   5.1887e+01   3.7481e+00   1.8445e+04   9.8678e-01  60.834 
   90    25   8.96     2    20    21   5.1255e+01   3.1188e+01   3.1213e+01   3.1089e+01   1.7612e+01   3.9525e+04   9.9920e-01   123   3.0751e+02   131   3.2750e+02   5.2200e+01   5.2154e+01   5.2157e+01   3.6644e+00   1.8385e+04   1.0009e+00  61.646 
#-----------------------------------------------------------------------------------------------------------------------------------------------------------------------------------------------------------------------------------------------------------
   30    20   6.22     2    22    21   4.3002e+01   1.8701e+01   1.9281e+01   1.8979e+01   9.5203e+00   6.4551e+03   9.6993e-01    98   1.9600e+02   108   2.1600e+02   3.0232e+01   3.0206e+01   2.9649e+01   3.0388e+00   4.0204e+03   1.0008e+00  35.777 
   40    20   6.22     2    22    21   4.3003e+01   1.9683e+01   2.0845e+01   2.0318e+01   1.0453e+01   8.6266e+03   9.4426e-01    98   1.9600e+02   108   2.1600e+02   3.1641e+01   3.3005e+01   3.2149e+01   3.1581e+00   5.2582e+03   9.5868e-01  38.841 
   45    20   6.22     2    22    21   4.3003e+01   1.9979e+01   2.1282e+01   2.0676e+01   1.0691e+01   9.4995e+03   9.3875e-01    98   1.9601e+02   108   2.1600e+02   3.2362e+01   3.3896e+01   3.3082e+01   3.1986e+00   5.6809e+03   9.5473e-01  39.896 
   50    20   6.22     2    22    21   4.3003e+01   2.0316e+01   2.1560e+01   2.0921e+01   1.0874e+01   1.0237e+04   9.4228e-01    98   1.9600e+02   108   2.1600e+02   3.3256e+01   3.4533e+01   3.3769e+01   3.2380e+00   6.0246e+03   9.6303e-01  40.697 
   60    20   6.22     2    22    21   4.3001e+01   2.0744e+01   2.1744e+01   2.1154e+01   1.1669e+01   1.1301e+04   9.5400e-01    97   1.9601e+02   107   2.1600e+02   3.4199e+01   3.5010e+01   3.4487e+01   3.2171e+00   6.5638e+03   9.7685e-01  41.589 
   75    20   6.22     2    22    21   4.3004e+01   2.1102e+01   2.1519e+01   2.1208e+01   1.2295e+01   1.2250e+04   9.8065e-01    98   1.9601e+02   108   2.1600e+02   3.5065e+01   3.5302e+01   3.5029e+01   3.1987e+00   6.8813e+03   9.9329e-01  42.487 
   90    20   6.22     2    22    21   4.3001e+01   2.1320e+01   2.1334e+01   2.1225e+01   1.2423e+01   1.2537e+04   9.9934e-01    98   1.9600e+02   108   2.1600e+02   3.5150e+01   3.5149e+01   3.4994e+01   3.1327e+00   6.9684e+03   1.0000e+00  42.575 
#-----------------------------------------------------------------------------------------------------------------------------------------------------------------------------------------------------------------------------------------------------------
   30    30   6.22     2    24    22   4.6002e+01   2.1902e+01   2.2956e+01   2.2493e+01   1.0934e+01   1.1163e+04   9.5406e-01   115   2.3000e+02   130   2.6000e+02   3.3241e+01   3.6127e+01   3.4724e+01   3.2202e+00   6.9343e+03   9.2011e-01  42.716 
   40    30   6.22     2    24    22   4.6004e+01   2.3039e+01   2.4627e+01   2.3931e+01   1.2307e+01   1.4744e+04   9.3550e-01   115   2.3001e+02   130   2.6000e+02   3.6351e+01   3.9003e+01   3.7789e+01   3.2582e+00   8.9233e+03   9.3201e-01  45.365 
   45    30   6.22     2    24    22   4.6001e+01   2.3540e+01   2.5074e+01   2.4367e+01   1.2611e+01   1.6091e+04   9.3882e-01   115   2.3000e+02   130   2.6001e+02   3.7552e+01   3.9867e+01   3.8727e+01   3.3469e+00   9.6280e+03   9.4194e-01  46.336 
   50    30   6.22     2    24    22   4.6004e+01   2.3941e+01   2.5423e+01   2.4675e+01   1.2863e+01   1.7206e+04   9.4171e-01   115   2.3001e+02   130   2.6000e+02   3.8773e+01   4.0527e+01   3.9424e+01   3.2943e+00   1.0152e+04   9.5672e-01  46.983 
   60    30   6.22     2    24    22   4.6004e+01   2.4464e+01   2.5671e+01   2.5015e+01   1.3285e+01   1.8881e+04   9.5297e-01   115   2.3000e+02   130   2.6001e+02   3.9814e+01   4.1063e+01   4.0267e+01   3.2468e+00   1.1047e+04   9.6959e-01  47.937 
   75    30   6.22     2    24    22   4.6003e+01   2.5020e+01   2.5524e+01   2.5253e+01   1.4121e+01   2.0179e+04   9.8027e-01   115   2.3000e+02   130   2.6001e+02   4.0897e+01   4.1197e+01   4.0910e+01   3.6639e+00   1.1651e+04   9.9271e-01  48.733 
   90    30   6.22     2    24    22   4.6000e+01   2.5413e+01   2.5430e+01   2.5325e+01   1.4403e+01   2.0691e+04   9.9929e-01   115   2.3000e+02   130   2.6001e+02   4.1181e+01   4.1216e+01   4.1121e+01   3.3833e+00   1.1806e+04   9.9917e-01  48.922 
#-----------------------------------------------------------------------------------------------------------------------------------------------------------------------------------------------------------------------------------------------------------
