#--------------------------------------------------------------------------------------------------------------------------------------------------------------------------------------------------------------------------------------------------==========
 ang      U      L topo tind1 tind2   trans_time  trans_drrad  trans_xrrad  trans_eqrad  trans_depth  trans_volum  trans_ellip fsind      fs_time feind      fe_time  final_drrad  final_xrrad  final_eqrad  final_depth  final_volum  final_ellip     rimrad
#--------------------------------------------------------------------------------------------------------------------------------------------------------------------------------------------------------------------------------------------------==========
   30     5  14.00     2    25    26   1.2751e+02   2.8577e+01   2.8840e+01   2.8736e+01   1.2340e+01   1.6874e+04   9.9089e-01    84   4.2001e+02    97   4.8501e+02   3.6021e+01   3.5101e+01   3.5246e+01   5.5002e+00   1.2032e+04   1.0262e+00    42.925 
   40     5  14.00     2    25    26   1.2750e+02   3.0873e+01   3.1637e+01   3.1312e+01   1.5631e+01   2.4543e+04   9.7587e-01    84   4.2000e+02    97   4.8500e+02   3.9297e+01   3.8994e+01   3.8944e+01   6.5781e+00   1.7970e+04   1.0078e+00    46.549 
   45     5  14.00     2    25    26   1.2751e+02   3.1973e+01   3.2549e+01   3.2143e+01   1.6849e+01   2.7603e+04   9.8232e-01    84   4.2001e+02    94   4.7000e+02   4.0663e+01   4.0275e+01   4.0220e+01   6.9691e+00   2.0275e+04   1.0096e+00    48.428 
   50     5  14.00     2    25    26   1.2751e+02   3.2622e+01   3.0342e+01   3.2027e+01   1.8360e+01   3.0486e+04   1.0752e+00    84   4.2001e+02    97   4.8501e+02   4.1537e+01   4.1442e+01   4.1344e+01   7.3156e+00   2.2589e+04   1.0023e+00    49.916 
   60     5  14.00     2    25    26   1.2750e+02   3.3404e+01   3.3871e+01   3.3367e+01   2.0304e+01   3.5356e+04   9.8621e-01    84   4.2001e+02    97   4.8502e+02   4.3171e+01   4.3233e+01   4.2954e+01   7.8317e+00   2.5714e+04   9.9858e-01    51.458 
   75     5  14.00     2    25    26   1.2751e+02   3.3839e+01   3.1083e+01   3.2744e+01   2.2152e+01   3.8444e+04   1.0887e+00    84   4.2001e+02    97   4.8500e+02   4.4193e+01   4.4471e+01   4.3947e+01   8.2044e+00   2.7883e+04   9.9376e-01    53.025 
   90     5  14.00     2    25    26   1.2751e+02   3.4082e+01   2.9935e+01   3.2754e+01   2.3111e+01   3.9327e+04   1.1385e+00    84   4.2001e+02    97   4.8501e+02   4.4568e+01   4.4626e+01   4.4148e+01   8.0206e+00   2.8631e+04   9.9870e-01    52.847 
#------------------------------------------------------------------------------------------------------------------------------------------------------------------------------------------------------------------------------------------------------------
   30    15  14.00     2    32    33   1.6251e+02   4.5409e+01   4.6539e+01   4.6202e+01   2.9698e+01   1.0479e+05   9.7572e-01   129   6.4502e+02   187   9.3500e+02   6.1521e+01   6.2279e+01   6.1652e+01   1.1004e+01   7.0425e+04   9.8784e-01    73.458 
   40    15  14.00     2    32    33   1.6251e+02   4.8710e+01   5.1034e+01   4.9935e+01   3.2928e+01   1.4337e+05   9.5446e-01   128   6.4501e+02   186   9.3501e+02   6.7662e+01   6.8769e+01   6.7841e+01   1.2107e+01   9.5766e+04   9.8390e-01    80.709 
   45    15  14.00     2    32    33   1.6250e+02   5.0075e+01   5.2305e+01   5.1184e+01   3.4282e+01   1.5793e+05   9.5737e-01   129   6.4501e+02   188   9.3501e+02   6.9457e+01   7.1064e+01   6.9909e+01   1.2796e+01   1.0633e+05   9.7739e-01    83.484 
   50    15  14.00     2    32    33   1.6251e+02   5.0860e+01   5.3116e+01   5.1984e+01   3.5157e+01   1.6979e+05   9.5752e-01   129   6.4501e+02   187   9.3501e+02   7.0803e+01   7.2321e+01   7.1383e+01   1.3126e+01   1.1265e+05   9.7901e-01    85.265 
   60    15  14.00     2    32    33   1.6250e+02   5.2351e+01   5.4037e+01   5.2970e+01   3.6999e+01   1.8808e+05   9.6880e-01   129   6.4500e+02   187   9.3501e+02   7.3267e+01   7.4428e+01   7.3575e+01   1.3596e+01   1.2360e+05   9.8441e-01    87.838 
   75    15  14.00     2    32    33   1.6250e+02   5.3753e+01   5.4151e+01   5.3623e+01   3.8795e+01   2.0423e+05   9.9265e-01   129   6.4500e+02   187   9.3500e+02   7.5310e+01   7.5762e+01   7.5231e+01   1.3917e+01   1.3175e+05   9.9404e-01    89.789 
   90    15  14.00     2    32    33   1.6251e+02   5.4151e+01   5.4153e+01   5.3838e+01   3.9333e+01   2.0940e+05   9.9996e-01   128   6.4501e+02   186   9.3501e+02   7.6166e+01   7.5815e+01   7.5711e+01   1.3717e+01   1.3385e+05   1.0046e+00    90.414 
#------------------------------------------------------------------------------------------------------------------------------------------------------------------------------------------------------------------------------------------------------------
   30    20  14.00     2    33    34   1.6750e+02   5.0930e+01   5.2780e+01   5.1946e+01   3.3307e+01   1.5583e+05   9.6497e-01   162   8.1002e+02   181   9.0501e+02   6.9546e+01   7.1269e+01   7.0028e+01   1.2084e+01   1.0430e+05   9.7583e-01    83.292 
   40    20  14.00     2    33    34   1.6751e+02   5.4723e+01   5.7762e+01   5.6327e+01   3.6886e+01   2.0720e+05   9.4740e-01   162   8.1001e+02   181   9.0500e+02   7.6276e+01   7.8272e+01   7.6746e+01   1.3394e+01   1.3938e+05   9.7450e-01    91.464 
   45    20  14.00     2    33    34   1.6751e+02   5.6201e+01   5.9232e+01   5.7779e+01   3.8466e+01   2.2607e+05   9.4883e-01   161   8.1001e+02   180   9.0501e+02   7.8277e+01   8.0766e+01   7.9020e+01   1.4207e+01   1.5262e+05   9.6919e-01    94.042 
   50    20  14.00     2    33    34   1.6751e+02   5.7680e+01   6.0369e+01   5.8934e+01   3.9824e+01   2.4176e+05   9.5546e-01   162   8.1000e+02   181   9.0501e+02   7.9806e+01   8.2274e+01   8.0836e+01   1.4754e+01   1.6341e+05   9.7000e-01    96.045 
   60    20  14.00     2    33    34   1.6751e+02   5.9637e+01   6.1690e+01   6.0456e+01   4.1669e+01   2.6393e+05   9.6673e-01   162   8.1002e+02   181   9.0502e+02   8.2576e+01   8.4733e+01   8.3289e+01   1.5852e+01   1.7804e+05   9.7455e-01    98.860 
   75    20  14.00     2    33    34   1.6751e+02   6.1223e+01   6.2001e+01   6.1341e+01   4.3903e+01   2.8096e+05   9.8745e-01   162   8.1000e+02   181   9.0501e+02   8.5020e+01   8.5746e+01   8.5030e+01   1.5567e+01   1.8791e+05   9.9154e-01   101.493 
   90    20  14.00     2    33    34   1.6751e+02   6.1830e+01   6.1701e+01   6.1588e+01   4.4305e+01   2.8724e+05   1.0021e+00   162   8.1001e+02   181   9.0501e+02   8.5769e+01   8.5761e+01   8.5616e+01   1.5117e+01   1.9159e+05   1.0001e+00   103.049 
#------------------------------------------------------------------------------------------------------------------------------------------------------------------------------------------------------------------------------------------------------------
   30    30  14.00     2    36    35   1.7751e+02   6.0573e+01   6.3604e+01   6.2250e+01   3.8655e+01   2.5812e+05   9.5234e-01   157   7.8501e+02   177   8.8501e+02   8.2268e+01   8.5266e+01   8.3335e+01   1.5715e+01   1.7712e+05   9.6484e-01    98.859 
   40    30  14.00     2    36    35   1.7751e+02   6.5335e+01   6.9763e+01   6.7663e+01   4.3685e+01   3.3118e+05   9.3653e-01   158   7.8501e+02   178   8.8501e+02   8.8445e+01   9.2763e+01   9.0177e+01   1.8008e+01   2.3188e+05   9.5346e-01   106.631 
   45    30  14.00     2    36    35   1.7751e+02   6.7115e+01   7.1289e+01   6.9283e+01   4.5074e+01   3.5687e+05   9.4144e-01   157   7.8501e+02   177   8.8501e+02   9.0571e+01   9.4618e+01   9.2303e+01   1.8107e+01   2.5082e+05   9.5722e-01   108.803 
   50    30  14.00     2    36    35   1.7751e+02   6.8553e+01   7.2265e+01   7.0383e+01   4.6831e+01   3.7675e+05   9.4863e-01   158   7.8500e+02   178   8.8500e+02   9.2652e+01   9.5702e+01   9.3940e+01   1.8032e+01   2.6679e+05   9.6812e-01   110.725 
   60    30  14.00     2    36    35   1.7750e+02   7.0540e+01   7.3043e+01   7.1644e+01   4.8968e+01   4.0577e+05   9.6574e-01   156   7.8501e+02   177   8.8501e+02   9.5772e+01   9.7256e+01   9.6262e+01   1.8087e+01   2.9220e+05   9.8474e-01   113.379 
   75    30  14.00     2    36    35   1.8251e+02   7.2561e+01   7.3074e+01   7.2624e+01   5.1035e+01   4.2756e+05   9.9298e-01   158   7.8500e+02   178   8.8501e+02   9.7758e+01   9.8039e+01   9.7545e+01   1.8994e+01   3.1162e+05   9.9714e-01   114.892 
   90    30  14.00     2    36    35   1.8250e+02   7.2806e+01   7.3016e+01   7.2633e+01   5.1514e+01   4.3401e+05   9.9713e-01   157   7.8501e+02   177   8.8501e+02   9.7802e+01   9.7939e+01   9.7765e+01   1.8924e+01   3.1813e+05   9.9860e-01   115.023 
#--------------------------------------------------------------------------------------------------------------------------------------------------------------------------------------------------------------------------------------------------==========
   30    20   8.96     2    57    58   1.4376e+02   3.4845e+01   3.6577e+01   3.5821e+01   2.4647e+01   5.2325e+04   9.5264e-01   287   7.1501e+02   343   8.5500e+02   4.5770e+01   4.6893e+01   4.5960e+01   9.0819e+00   3.6642e+04   9.7605e-01    55.225 
   40    20   8.96     2    57    58   1.4376e+02   3.7536e+01   3.9627e+01   3.8713e+01   2.7053e+01   7.0229e+04   9.4722e-01   288   7.1501e+02   344   8.5500e+02   4.9620e+01   5.1365e+01   5.0253e+01   1.0146e+01   4.8821e+04   9.6604e-01    60.356 
   45    20   8.96     2    57    58   1.4375e+02   3.8491e+01   4.0565e+01   3.9542e+01   2.7858e+01   7.6898e+04   9.4888e-01   288   7.1501e+02   344   8.5501e+02   5.1190e+01   5.2645e+01   5.1638e+01   1.0396e+01   5.3202e+04   9.7236e-01    61.761 
   50    20   8.96     2    57    58   1.4376e+02   3.9144e+01   4.1065e+01   4.0120e+01   2.8597e+01   8.2338e+04   9.5322e-01   288   7.1500e+02   317   7.8751e+02   5.2164e+01   5.3607e+01   5.2698e+01   1.0682e+01   5.6730e+04   9.7308e-01    63.411 
   60    20   8.96     2    57    58   1.4376e+02   4.0584e+01   4.1556e+01   4.0815e+01   2.9835e+01   9.1152e+04   9.7661e-01   288   7.1500e+02   344   8.5500e+02   5.4030e+01   5.4887e+01   5.4206e+01   1.0758e+01   6.1810e+04   9.8439e-01    65.311 
   75    20   8.96     2    57    58   1.4376e+02   4.1205e+01   4.1564e+01   4.1149e+01   3.0887e+01   9.8321e+04   9.9135e-01   288   7.1501e+02   344   8.5501e+02   5.5227e+01   5.5533e+01   5.5213e+01   1.0904e+01   6.5131e+04   9.9450e-01    66.411 
   90    20   8.96     2    57    58   1.4375e+02   4.1720e+01   4.1457e+01   4.1266e+01   3.1232e+01   1.0086e+05   1.0063e+00   288   7.1500e+02   344   8.5501e+02   5.5806e+01   5.5851e+01   5.5563e+01   1.0947e+01   6.6068e+04   9.9919e-01    66.782 
#------------------------------------------------------------------------------------------------------------------------------------------------------------------------------------------------------------------------------------------------------------
   30    25   8.96     2    60    61   1.5125e+02   3.8164e+01   4.0259e+01   3.9359e+01   2.6567e+01   6.9810e+04   9.4795e-01   316   7.8500e+02   351   8.7251e+02   5.0080e+01   5.1372e+01   5.0344e+01   9.8212e+00   4.8639e+04   9.7486e-01    60.432 
   40    25   8.96     2    60    61   1.5126e+02   4.1104e+01   4.3617e+01   4.2366e+01   2.9199e+01   9.2533e+04   9.4239e-01   316   7.8500e+02   351   8.7251e+02   5.4238e+01   5.5850e+01   5.4924e+01   1.0955e+01   6.4319e+04   9.7114e-01    65.887 
   45    25   8.96     2    60    61   1.5126e+02   4.2112e+01   4.4577e+01   4.3292e+01   3.0094e+01   1.0115e+05   9.4470e-01   316   7.8500e+02   346   8.6001e+02   5.5694e+01   5.7443e+01   5.6417e+01   1.1482e+01   7.0043e+04   9.6955e-01    67.788 
   50    25   8.96     2    60    61   1.5126e+02   4.2954e+01   4.5074e+01   4.3925e+01   3.0842e+01   1.0810e+05   9.5296e-01   316   7.8501e+02   351   8.7250e+02   5.6968e+01   5.8405e+01   5.7567e+01   1.1798e+01   7.4489e+04   9.7539e-01    68.788 
   60    25   8.96     2    60    61   1.5125e+02   4.4216e+01   4.5595e+01   4.4787e+01   3.1882e+01   1.1844e+05   9.6977e-01   316   7.8500e+02   351   8.7251e+02   5.8887e+01   6.0001e+01   5.9159e+01   1.2358e+01   8.1132e+04   9.8142e-01    71.155 
   75    25   8.96     2    60    61   1.5126e+02   4.5193e+01   4.5684e+01   4.5277e+01   3.3132e+01   1.2707e+05   9.8926e-01   316   7.8501e+02   351   8.7251e+02   6.0199e+01   6.0646e+01   6.0277e+01   1.2489e+01   8.5676e+04   9.9263e-01    72.085 
   90    25   8.96     2    60    61   1.5125e+02   4.5712e+01   4.5713e+01   4.5439e+01   3.3392e+01   1.3027e+05   9.9998e-01   316   7.8500e+02   351   8.7251e+02   6.0959e+01   6.0968e+01   6.0683e+01   1.2304e+01   8.7181e+04   9.9985e-01    72.455 
#--------------------------------------------------------------------------------------------------------------------------------------------------------------------------------------------------------------------------------------------------==========
   30    20   6.22     2    65    64   1.2901e+02   2.6185e+01   2.7565e+01   2.7102e+01   1.8723e+01   2.2338e+04   9.4993e-01   308   6.1201e+02   370   7.3600e+02   3.2898e+01   3.3892e+01   3.3213e+01   8.1913e+00   1.6285e+04   9.7065e-01    40.537 
   40    20   6.22     2    65    64   1.2900e+02   2.8216e+01   2.9915e+01   2.9184e+01   2.0673e+01   2.9933e+04   9.4323e-01   307   6.1201e+02   369   7.3601e+02   3.5857e+01   3.7001e+01   3.6244e+01   9.1202e+00   2.1450e+04   9.6910e-01    44.192 
   45    20   6.22     2    65    64   1.2900e+02   2.8958e+01   3.0512e+01   2.9810e+01   2.1379e+01   3.2661e+04   9.4905e-01   309   6.1200e+02   371   7.3600e+02   3.6809e+01   3.7890e+01   3.7218e+01   9.4075e+00   2.3284e+04   9.7145e-01    45.284 
   50    20   6.22     2    65    64   1.2900e+02   2.9527e+01   3.0956e+01   3.0258e+01   2.1875e+01   3.4943e+04   9.5383e-01   309   6.1200e+02   371   7.3600e+02   3.7687e+01   3.8558e+01   3.8000e+01   9.6341e+00   2.4794e+04   9.7741e-01    46.325 
   60    20   6.22     2    65    64   1.2900e+02   3.0466e+01   3.1286e+01   3.0787e+01   2.2808e+01   3.8545e+04   9.7380e-01   309   6.1201e+02   371   7.3601e+02   3.8896e+01   3.9576e+01   3.9060e+01   1.0036e+01   2.7012e+04   9.8283e-01    47.595 
   75    20   6.22     2    65    64   1.2900e+02   3.1065e+01   3.1282e+01   3.1022e+01   2.3429e+01   4.1636e+04   9.9308e-01   309   6.1200e+02   343   6.8000e+02   4.0021e+01   4.0115e+01   3.9864e+01   9.9930e+00   2.8731e+04   9.9765e-01    48.695 
   90    20   6.22     2    65    64   1.2900e+02   3.1171e+01   3.1169e+01   3.1081e+01   2.3661e+01   4.2585e+04   1.0000e+00   309   6.1201e+02   371   7.3601e+02   4.0338e+01   4.0261e+01   4.0104e+01   1.0018e+01   2.9121e+04   1.0019e+00    48.945 
#------------------------------------------------------------------------------------------------------------------------------------------------------------------------------------------------------------------------------------------------------------
   30    30   6.22     2    71    70   1.4100e+02   3.0678e+01   3.2733e+01   3.1829e+01   2.1685e+01   3.7332e+04   9.3720e-01   328   6.5200e+02   363   7.2201e+02   3.8663e+01   3.9669e+01   3.9033e+01   1.0007e+01   2.6655e+04   9.7463e-01    47.552 
   40    30   6.22     2    71    70   1.4100e+02   3.3078e+01   3.5067e+01   3.4098e+01   2.3635e+01   4.8730e+04   9.4329e-01   329   6.5201e+02   364   7.2200e+02   4.1952e+01   4.3227e+01   4.2416e+01   1.1137e+01   3.4622e+04   9.7052e-01    51.505 
   45    30   6.22     2    71    70   1.4100e+02   3.3991e+01   3.5693e+01   3.4814e+01   2.4312e+01   5.2944e+04   9.5231e-01   329   6.5200e+02   364   7.2200e+02   4.3124e+01   4.4331e+01   4.3549e+01   1.1464e+01   3.7619e+04   9.7279e-01    52.968 
   50    30   6.22     2    71    70   1.4100e+02   3.4571e+01   3.6136e+01   3.5342e+01   2.4819e+01   5.6261e+04   9.5668e-01   328   6.5200e+02   363   7.2200e+02   4.4164e+01   4.5223e+01   4.4416e+01   1.1749e+01   3.9994e+04   9.7660e-01    54.067 
   60    30   6.22     2    71    70   1.4100e+02   3.5477e+01   3.6511e+01   3.5962e+01   2.5663e+01   6.1201e+04   9.7167e-01   328   6.5200e+02   349   6.9208e+02   4.5496e+01   4.6112e+01   4.5513e+01   1.2269e+01   4.3074e+04   9.8663e-01    55.404 
   75    30   6.22     2    71    70   1.4100e+02   3.6438e+01   3.6627e+01   3.6453e+01   2.6499e+01   6.5498e+04   9.9482e-01   328   6.5200e+02   334   6.6398e+02   4.6684e+01   4.6824e+01   4.6419e+01   1.2585e+01   4.5581e+04   9.9701e-01    56.384 
   90    30   6.22     2    71    70   1.4100e+02   3.6725e+01   3.6705e+01   3.6604e+01   2.6690e+01   6.6791e+04   1.0005e+00   329   6.5201e+02   364   7.2200e+02   4.7006e+01   4.6952e+01   4.6638e+01   1.2633e+01   4.6189e+04   1.0011e+00    56.736 
#--------------------------------------------------------------------------------------------------------------------------------------------------------------------------------------------------------------------------------------------------==========
